122562
487560
341548
39130
162578
86521
305795
51975
904590
668461
250402
287322
135696
203108
1075300
994387
1373322
1083476
447766
138154
17980
244245
279723
136009
30161
3677347
2295658
283751
52275
517429
435262
309971
145865
504948
52265
115820
100442
1912761
153391
398660
8753
8558849
462501
1495
28826
1519844
581317
489427
319266
64694
573626
36834
515436
307212
126721
88845
1121715
66380
1096504
104275
131174
653056
865523
60226
1299161
178853
119271
1301047
4045
6469870
154452
389615
219765
320285
4931
299654
148100
125358
234970
23132
840062
381315
538198
1239444
297400
47468
217522
263507
66641
108023
324452
219853
1805410
644489
234235
631929
142445
34183
39107
116208
33163
8577
748923
175355
925265
22699
636086
28957
3695
1726005
1329322
29721
106604
28238
234351
233116
590381
102012
43592
21737
136120
317079
26176
686762
12754
1773689
488861
7687106
1256865
257310
11671
6762
244373
107142
142727
11117
86125
1194345
855074
262930
1556089
384661
105463
765128
280530
141429
1806755
208350
123759
100080
7779327
590380
72604
455321
39961
522661
301619
77314
21886
13031
83907
69791
3233640
335240
131330
607863
589038
39242
63095
603557
460606
515597
1158803
293124
1161866
160318
18919
437074
294088
729546
22828
240746
839151
82877
38520
101470
192290
306832
146689
344696
21881
131577
22771
2741114
1275778
764415
148983
36629
97954
2237110
132954
423583
8081106
28700
961173
780975
119359
64136
178801
142144
114925
178543
491556
474249
236483
3263209
821303
748919
26292
148613
36977
169842
361223
717965
38270
313371
532307
7953119
600235
77820
4768649
219450
54328
401707
210853
86752
94868
153514
76631
110322
121724
36012
126037
62377
162808
44087
245728
552972
313135
34967
74201
122880
128783
437023
514712
372282
946661
109003
1498625
275109
307934
305646
4584
261896
144012
351947
61552
355210
112472
392585
348110
9748
657898
3927918
149014
36945
1582763
1270188
1639053
259043
271368
771582
6038154
601241
126130
586034
435974
177486
308934
332186
281098
109991
29382
1086072
338702
23797
508017
549465
130437
50206
287509
192687
375176
3048900
92389
53510
1430599
414162
236707
1203201
995829
13060
1563197
4013299
386641
51227
102766
127911
305305
832393
177828
143584
365926
68848
143787
69187
787237
135893
368813
51303
1388859
836601
3734
151193
267269
143068
105894
2498838
73715
837005
137263
47634
311904
167395
68360
600395
186922
590093
2948
164616
553546
255202
315019
1843841
336015
775259
429309
80744
9558
1104252
1037121
162916
125942
1826003
21500
253139
21447
15312
374903
448605
23871
6180224
135086
7085
50184
97655
36598
335426
162199
514594
50252
162745
699181
90881
28474
24764
194988
57883
61913
9295
118845
205106
1088433
779171
1683786
136315
69507
3051572
13245974
350951
131707
3927519
779729
1222155
182503
458980
13275
74960
349155
136906
222113
1124241
936589
433613
826045
846598
435816
343450
1604600
5439
340931
2453079
73802
127004
122728
266587
286190
186845
299739
590870
429058
569407
9557
3485321
59870
157724
45861
361928
46553
89770
745908
235508
137928
210857
1971616
1256795
924631
44451
28672
6936843
158827
585165
358640
2996
121526
1629796
7295
63617
1406807
187119
974856
14195
315839
302449
42459
15162
52981
23746
42310
1071685
10437
26826
47782
200697
43527
42736
241564
141645
67843
74009
95060
248909
26133
644423
190320
85452
17684
3069
240512
358713
12739
64600
122430
386785
467282
1043085
1826547
722403
37232
18214
106391
74634
551060
13689
460581
154745
866943
30013
120708
1244801
1808521
276725
291984
1807144
682086
3466989
266045
22693
34515
550150
83128
51275
106884
813416
159014
242776
583999
199022
93816
375397
246403
1318276
845627
33034
542977
3173306
103528
178984
257682
18830
523174
466503
40565
118239
147392
26542
103302
286608
807516
280390
18332
150
635330
546044
798289
726427
262480
714
255711
247086
1437436
1262476
351946
112089
551450
33345
308816
3664
783450
67748
208941
4404116
707666
84330
6828
119250
80127
14944
28179
293513
28258
825215
465449
987445
64062
221172
2774199
60455
836032
1109330
85764
498083
81283
974579
1081379
338909
653891
1001197
965659
6601674
169976
218869
73498
93382
435378
51769
6551
216760
146817
175174
32582
44044
47200
209728
347257
2069031
265752
275745
348835
127918
617867
518107
138272
8563170
3328133
482141
211129
54554
7364
102875
3087
2885587
365938
464928
69037
349062
153667
8073
114108
29659
167401
382999
293478
1092860
505447
264928
404304
211353
114090
27714
85747
19902
384176
254508
317337
239160
117065
36918
14427
201473
957755
62361
608312
147240
8736
303387
651251
27078
216000
372606
297042
28405
291188
1316404
195592
106149
276632
172691
203895
2681264
121098
357030
4688154
250510
73844
59751
90042
670546
173875
3354006
68987
406952
531552
861917
668346
19893
384206
642294
633725
30058
707
852009
722643
121926
278629
1228161
18684
1317858
125873
167786
982384
816278
7077
98342
1628
46403
678419
126770
38645
3108281
673657
318980
307851
3730
346394
611926
1080133
103249
10519
257814
122121
547735
541267
123599
76119
46544
559997
624114
1653199
37984
580360
830484
166456
14780
561630
4302842
708
1469778
600400
29301
8155
1395325
60283
1463
334007
105733
135447
759944
7579
472015
6804856
177256
762059
232712
32953
127258
850713
975275
266594
246822
5648
576916
209895
715071
269689
406208
37482
126131
478203
6991
1064683
2179522
119389
16929
254852
1036858
122500
100445
440605
780813
104554
512470
628366
135560
54965
71346
9331
132316
354787
213768
11199286
372950
74803
699039
111042
847409
478248
2966677
141471
5727090
1608988
404547
14989
173524
8719279
43434
372774
149607
652255
208382
10381
540236
3982277
112709
15451
257267
137360
78164
687349
29120
4297504
5645
8799
620511
24347
722971
1274246
365499
726190
322168
364315
361391
1926
70811
402019
21811
70386
44008
102823
851815
491448
1231771
61925
284752
2143201
1001048
122665
970026
1507004
3428401
71086
340575
13650
81215
16962
187377
91940
508785
817159
1353132
134491
7778013
2725051
158979
80938
3095041
1098439
18986
122592
3844237
1322657
4519625
238020
348904
157832
2389055
594440
4659726
1093927
94201
323803
801489
578729
33901
103828
134368
3119088
68295
8167
13202
1684007
593712
26499
68976
281918
240812
475076
111423
402762
2552558
160191
745747
416279
75557
2241
8247
1183615
237988
91373
1509613
24062
689190
354718
958198
399780
849519
935756
55590
6877496
146469
892474
1094047
2503722
487153
120108
15145
28602
45647
11308
382046
229045
48465
22820
537444
460901
6632
99140
205130
145306
5549
5158
1157589
8452
759579
53939
406888
139687
142575
741918
643046
376850
44912
7480
1291066
291426
1264861
723968
96401
134522
94142
2130
420939
93635
2487044
828188
326801
244319
370571
254434
36993
386104
75815
338874
3389118
630353
78848
2741
130196
212609
139157
176877
1965750
163754
37693
328084
307953
1249208
994230
8691709
1109999
836784
151547
471618
427356
8794
131120
293691
287374
948297
29369
7362371
1130316
66709
1531606
176869
5759139
146971
89425
14386
322910
90424
113868
844029
161197
49349
146345
1254686
29393
1031573
123695
87979
252349
709986
2712409
18951
32044
127651
764758
1232405
832662
25586
353269
408010
682640
658686
570002
202210
765111
444416
129142
143234
716695
2347031
119970
362174
118992
371948
7592
999516
567156
1261225
19149
825760
6666
173168
65644
422730
1259387
221388
433597
889123
37671
140674
84608
1057835
249999
946873
120905
28200
669556
1949
2963
430451
128852
131242
5409
52334
211881
24252
48636
34920
520922
78980
235257
261498
135311
507907
1694540
601220
735602
568338
149042
222755
601253
727825
28027
1141499
121823
118253
472044
36143
612438
417965
398359
48879
718590
738606
495668
468922
13906
379443
93161
395435
104038
91046
41112
80247
383336
4227808
243118
12302696
93401
302005
64009
33316
1032155
437153
56429
78153
1000349
1478386
10127
438214
5748075
984956
1985988
11648
187460
391059
6075722
208455
257740
443478
1258104
785538
540203
527840
239659
59169
18422
233441
1589628
1503708
1265728
77381
162397
357047
479521
292042
282699
761201
89336
1516876
13370
135009
2866390
926135
676880
12021
54411
1972590
148444
56185
937842
339898
36226
318667
42932
536363
45848
874833
4730084
134751
593295
76087
322449
120998
241552
10645
3782
22529
190129
87834
59593
488349
145383
25492
1406347
165278
336805
6611
183530
609655
84488
598739
519064
30455
991068
121014
85230
69395
18225
448549
170815
100030
120949
765311
89576
34211
424014
825433
4088384
70523
247587
263945
5061
595622
412797
1990460
124952
8321
151622
110998
33405
180175
34261
5586
980144
160663
76682
720739
321450
265122
10227
33889
503269
13960
805827
279167
83554
71517
590489
265675
100005
269583
9154
163350
886953
139921
848672
7464355
254510
19738
447750
68078
117521
1997807
235315
256775
1001147
181157
278375
294717
313902
124375
471097
76035
7048301
24342
43856
41002
106695
140188
102474
284262
94306
52612
489356
90690
369804
132247
688770
1608327
74674
287595
142401
88511
6080079
578294
217235
128304
242116
124645
36440
1271681
13430
197267
68757
40538
134715
33396
2373246
744429
150948
156660
465558
44909
974270
341347
8158
99842
103799
76269
215883
51218
55599
921182
233551
279771
2361
500219
382126
20578
7071395
72712
119079
327102
414614
191858
2129950
318917
615853
48910
74416
2445879
110520
1439734
91727
214214
669567
7203
6502508
131896
306675
112401
61846
1419784
122836
994133
145716
1430861
5707493
84363
712414
2276
932039
60114
2004187
168708
92755
594549
227120
487142
575193
355168
437763
1175093
16022
390601
151384
106187
161053
335707
717826
561305
74690
998282
481453
294743
102033
716266
1149684
761403
74514
50838
165700
28408
923161
1134076
3137173
243743
3295441
1135619
138633
3102
41599
275848
540948
113891
6325
165762
428666
405638
233798
1009219
261539
640252
303561
2476
122683
1254995
1759
747207
135240
21972
414377
237557
173927
782186
18720
307839
870261
84166
5188980
275245
106592
81503
934990
11478696
154535
443971
524166
11919
278028
1000993
17405
793223
185668
1416259
63897
255531
652167
1074763
969208
179549
242694
1599831
71034
870669
4488
147942
177003
963492
151295
126788
65444
23559
356426
23576
162746
139590
341157
262804
62947
430353
4016
1701265
167667
1130008
270317
1129423
1156522
83255
81105
375623
942297
953144
352572
36748
327627
480482
74748
69980
1814175
61663
875955
7097
35174
72577
35579
277426
292964
1130354
63934
230813
407828
2114043
12085
1201298
608522
284843
657967
78537
670484
14294
303710
308740
132290
106759
53648
915691
266369
553450
59587
440400
1241598
925569
210400
700095
1120393
1022968
1672157
4593
142640
217333
316052
219872
1279399
373744
46816
428640
522658
603292
181645
122752
614100
13703
171440
1413661
1772069
336178
1393537
134827
8912
90550
2356238
883468
23096
1031134
1340474
459291
9304
170110
214707
351735
534704
168869
106208
819910
46113
125016
105931
98145
18373
780248
925267
125210
244567
145759
104367
116064
37939
426809
492593
652662
21024
2429351
127204
453010
556415
254129
1038884
253142
330723
110661
402158
4671474
202668
944318
59801
298305
50897
27012
425528
283243
2411462
30678
203325
27009
218344
71345
31284
35860
27116
10883
2791540
19745
386747
709208
6390
120244
2264
240895
99112
1900857
135239
59972
574570
103996
533479
1269245
650593
767890
70554
86858
248980
877622
149226
53756
12584
355131
776576
948058
121912
78851
104824
456784
3659202
412014
23829
727318
84678
711473
121982
102855
11682
2652884
3099
2392273
201961
93140
416607
105541
100528
17204
278991
200431
229033
152103
212707
1010719
373203
697729
238357
167543
799527
76692
109397
453306
48881
234664
182353
498640
202343
82254
3127
608850
111326
434930
39422
1185831
169262
808410
578283
1015274
12978
88393
23568
110400
37038
870266
750317
367164
739888
127703
40927
275664
326658
885630
8165
1066068
1123636
137005
15783
73619
167382
6241554
365660
49418
687530
376174
175539
67663
41441
576086
21345
197331
176034
874681
35006
799642
867076
388
311707
26398
180135
50952
111401
1018901
587864
391050
200094
27642
19658
294170
91656
267652
432060
12618
67943
33181
43081
942408
90772
915696
36633
878704
661780
183221
269679
278882
111093
590829
1396158
237508
565010
46468
180126
444808
363248
11928
65543
283838
127642
114782
3020
6105485
1513466
420203
305380
323784
213929
1017772
1744397
2553266
178143
600733
315517
78159
590038
76440
380141
313099
24736
34285
88793
994283
72593
616574
142830
64314
1130912
170318
1342604
158787
162092
682704
193760
577106
490860
47748
2710
1066951
105749
946109
276682
782002
274091
116235
1146489
28074
79786
3967288
465306
8489
65774
71484
322823
7942
380771
13667
3561130
147523
61298
150138
85226
148705
22706
7170
29671
123456
760314
271583
248026
35001
266190
64018
877529
151242
874690
27351
11419
134939
1733146
207837
138069
388799
6256079
1096654
75679
269254
17364
618593
810082
132218
14661
49135
76301
514
2891172
993106
393769
280551
1404451
103112
34918
7578
93389
681
3015389
374611
6612130
25157
33581
83145
641323
313994
50240
220095
143297
123904
51316
96396
28661
32622
45782
309291
937694
1074392
282670
111649
509929
768996
1289996
11861
476996
111148
429512
1153103
301079
515740
879963
970749
139849
166405
34815
309144
93
100799
171969
115880
229881
251166
75290
8916311
33485
408839
639438
41775
72856
124343
101864
1508611
1082887
5739903
99824
132301
23545
90210
2522
348502
380383
51989
94126
1034497
24291
349897
626216
246038
304163
25132
142480
198477
4314207
1923844
484306
458350
614038
1181443
388595
70637
24185
1052126
309480
28699
336962
593625
119082
219200
422972
970487
311058
133595
956376
30351
256277
34916
90406
447303
1052103
1348165
338310
101930
65040
101571
58100
70155
6285230
205032
35937
364828
330954
722008
478312
1546381
39260
199313
322035
71129
34229
826894
37747
120521
676598
53357
108249
602125
373581
146169
226154
69948
274353
2210396
60337
97401
99181
143982
37336
219071
169154
421272
10920
53215
1029626
983402
38072
36173
2082425
99740
69032
140301
358038
131454
426357
148622
190077
96255
26460
12035
649488
240127
1040943
4817
658561
32973
943987
4948355
805872
853164
131247
7326
463185
263883
701159
112887
370929
542565
53625
608873
115875
30355
155756
47061
156840
940488
42036
847307
16949
77299
16544
246762
74995
5662
7518
77981
912580
7213
391782
1378704
329435
1186709
186880
121195
3629577
400483
357352
196481
239188
960320
236897
101561
51859
924330
934147
303881
470387
1483531
2233648
644894
13633903
1085991
42681
2131872
43858
1003671
945715
858627
245692
53595
28953
34108
3063982
72283
5714811
31052
43514
5009605
1019067
861598
343281
99595
155592
649603
373380
8389
2736730
13769
1411933
148798
208057
1679684
238904
82567
217911
101263
1006410
414963
335688
15909
113920
1319913
122028
207284
152607
70533
163976
7040298
250786
574984
2644659
112325
502445
1432590
62080
364895
158811
77878
107361
314007
116700
1230714
35577
146425
617079
2637402
28370
52101
1216554
686766
72268
27467
165798
174939
71292
44331
1057772
262208
41577
280860
68998
208304
160242
107854
3142479
69309
37643
502021
332309
105432
10834
5156
61587
98430
195614
214206
63919
552859
2880
584945
31315
355937
142458
1386818
1254937
274310
942444
725453
204982
46828
922632
225536
1031187
81001
577917
687044
1207339
43290
122985
142136
53092
643005
22676
41252
369389
154113
1215765
1758283
142999
889504
1249987
53609
259871
119649
272918
105399
1634
63080
216233
144881
64418
308472
89978
1253021
900374
261063
1034229
10414
427694
731278
347191
438391
97943
385485
86809
1001416
352196
10875
402297
90396
339189
367654
3211559
15383
24195
13321
3046
1271451
1238408
427915
123598
81781
122530
274321
4417302
140973
120613
258975
37836
304105
24533
648005
203094
63274
323641
322572
689286
160470
106332
163343
581867
2485296
27752
98659
22453
52881
29442
562274
9269
653168
285957
91800
51836
425807
295438
109951
38109
3799976
848330
27606
35190
194589
258372
472052
49103
716783
266603
399954
3547142
259512
6603233
232052
931756
152514
11225
110820
206059
5701991
1875126
46450
175767
291218
151859
67437
561829
264952
95068
349614
165038
34749
113502
431603
212720
3724141
122048
233235
42351
70639
128589
171757
327075
126398
106600
320238
580486
23918
2012777
49983
169834
622218
75041
9386
259285
33333
191765
210512
90580
1173414
3942562
348036
98029
720421
348729
147118
1119477
29128
355483
16528
427862
3700641
311110
80973
1217337
36811
412903
435047
701313
47710
74566
270422
625531
73841
32348
1161157
6179757
80992
574898
16752
267934
137228
443360
674470
765172
60821
235497
137218
818525
6855616
110070
15293
488572
1284039
129135
151416
864409
950304
515394
1244695
112891
29515
423302
325062
458128
136483
991497
328066
212980
1663780
2758999
308921
3427181
127473
618264
67779
155514
77572
647616
12659
19430
233649
106648
81988
88635
572805
119751
623736
16950
389767
464251
508588
676378
5556
878335
2977256
290638
151122
4092813
320401
65764
32869
1907362
77592
359806
1676134
431354
55790
42795
11068
99759
180436
1488090
79085
68929
41384
9971
85732
239075
12283
21339
157511
3011110
138122
423594
342399
491650
117283
429683
98609
49560
1223978
465789
3287
342389
932538
280588
135870
348227
751168
214748
410219
430716
27308
2503963
445798
335569
199648
493972
75300
40983
2121742
356152
42755
319799
218314
3174637
870397
133258
402
36768
56097
186999
81224
1039826
795818
613213
1133697
1041401
898299
635170
963999
543552
33919
283871
317408
1515027
363342
279239
163233
1055878
999
121910
4859620
433591
790485
195129
67802
306302
749458
972376
98338
72794
119454
134424
191248
1528643
579994
448379
68434
199681
539684
343683
390082
55457
862909
20474
543961
1000770
164119
150960
254545
1797343
42830
84670
41726
802861
723144
73730
6379
152775
4071487
582302
200069
80224
84280
2924604
438972
142075
54984
699594
154715
3529845
932372
42422
240223
56155
621869
370816
48412
2977027
242919
105215
34191
341861
186998
248423
186438
274229
14785
67719
492082
127498
51101
154944
973600
258587
42979
553568
4310575
98718
758881
33616
51752
300129
1263571
569176
79124
668634
71728
132101
334495
169358
16707
933703
90489
771161
1132914
166484
320306
429143
90510
21668
205978
920716
9288437
856229
308090
204713
125831
65856
42098
12529
170753
1496477
516
1167920
19991
2678862
22673
253
586709
51902
16550
814080
85309
66438
52262
1205866
26858
797933
146199
134541
20216
536586
509459
788418
101226
302129
2217760
994434
128786
57696
318533
139863
9402
35782
521839
60725
159275
452358
228403
981699
127822
138459
36671
135133
127877
269817
148127
45066
329899
27516
137585
1846854
155833
244775
740901
862618
519926
380238
138974
393631
66707
16529
76372
236881
1680032
4424552
141202
931151
51073
83745
128020
88358
55768
209164
306385
472300
99216
657149
307221
919176
65010
125089
670169
41335
212464
46024
65742
2100344
418002
854950
45536
939709
84496
25675
64200
815861
698161
85512
289609
1105717
2347338
160009
40038
332266
143905
3483446
120227
19396
159563
208873
332644
851550
46469
80416
1414152
62729
27386
320920
220546
212879
90736
953196
184683
55173
115352
62823
810127
1281434
2825841
258131
414106
70976
455825
252803
157544
1185334
712947
37603
471366
2115151
1786223
183004
756868
593722
365002
23277
197238
565681
308002
329860
155018
477186
1140112
334846
306797
54287
92768
327614
17899
66505
841287
150391
60320
350759
944775
27507
119756
51063
307657
4967839
408951
94808
518263
989416
211492
722534
413664
20466
20185
248243
15221
42757
2662696
846452
4487
2923
394642
1002595
226487
135084
366517
170249
37867
208296
36391
2009128
61755
4992719
76438
115764
123570
169740
52879
15320
19175
300088
209122
81549
129
23679
106398
3925
772559
238493
142648
1587205
204734
870082
678115
537596
36907
948609
959499
163014
21268
126092
204136
158423
50189
154089
635540
258212
14264
1607725
126571
103897
81795
291024
242145
137179
80891
364263
438596
834934
623079
304422
112733
950045
857020
2452118
11944
211945
15396
262686
11254
514615
1210287
64599
2964
176533
11731
1069588
22859
494376
87548
150402
2121
205406
1112840
107940
64797
65822
109120
3349688
129858
30262
2629797
319472
754926
152320
3043378
655921
7202
398495
69629
1034184
189989
1167783
25670
70068
575
3107
50721
44518
271740
362548
322579
8648
937121
118989
157181
89155
7379487
1230008
869684
186664
3174381
83920
17000
2211
122625
142588
1886838
5202
114097
42888
256460
558785
219717
21627
162089
192511
291644
215563
274681
45873
166134
410649
431445
412946
134973
109930
860118
760722
187131
211375
125911
363379
347684
39779
332446
356382
689475
221629
328668
2559257
867311
97002
454805
13355
70017
66504
814462
8634
920139
349355
350623
1413524
188059
313292
1758240
136357
168990
93041
220568
2628914
78185
281460
347826
532671
41783
862011
75956
546457
123321
11304
3995535
303345
228852
550087
32062
38565
1025862
122883
271358
23401
3414940
1182327
654867
209551
37429
310915
103212
274228
578343
57880
21385
1492331
103735
750037
6671
486300
50411
135241
330321
117597
326989
151265
178868
1077020
186952
828098
818405
54893
126652
1436344
448025
353809
30830
8653
133085
241461
992007
83049
1000033
86780
1629956
99797
255486
176695
160170
5429
3804354
792024
1096655
726961
42745
104942
294785
1165625
23449
1254163
558280
172385
679918
60742
106313
132861
751314
11795
826818
33234
9452
80292
315566
2625797
513996
321003
460199
241153
329506
16520
86741
3261
3091
491602
55103
72720
584468
643052
73400
87894
410857
275979
255899
350953
1197435
383192
445686
454130
433693
83622
32280
135373
119456
4398
142168
444234
5177
21764
153403
46902
192423
160669
6566
516526
2611
84578
321575
134185
72870
515484
180980
421100
152440
99835
962575
260755
749567
36766
45708
12676
398203
4448
180586
32222
11536770
491487
4532
872145
499143
163817
390363
764022
522791
1700478
1280857
52987
186024
28321
313563
359614
33940
122904
731185
372345
721021
69909
3876
643111
53454
47123
288050
152221
17738
223364
122345
23424
326910
128118
301823
175535
2283545
479244
65372
259128
154146
330115
133905
135943
2133088
3351605
3397444
398132
96846
516434
1162038
1748926
5859
76257
200863
141389
255361
203145
27849
64434
2713217
46524
168627
53983
2412947
371860
289704
599626
20943
81178
720484
121370
103714
378046
1160099
875864
1431223
3304881
312816
1310547
69796
21911
62753
799014
119549
177865
34710
79589
169792
13608
104431
120213
520572
4257502
231887
38801
2551
85223
212045
502067
3355475
117670
763596
106166
785745
21843
564134
135998
74013
1484753
105117
84182
93337
188365
274775
693692
151215
50356
833398
391567
297482
340982
202440
54523
770919
239375
39534
179975
77130
79210
4752120
191576
961421
2574840
52015
49396
299493
550548
11730
9040250
5216
158849
1240903
24110
223919
168714
3851182
36579
220512
1186854
955101
441841
2141481
232677
461447
47023
267645
433609
55815
35856
46713
1011061
4985079
874427
617703
4280
1438625
160
1431661
118175
40935
30962
639509
114532
606863
1159177
91378
75185
3925270
129257
1181242
350197
17178
113108
2628159
171131
641857
263831
5233
148574
23102
563341
426468
117461
135159
426100
6432669
66728
36711
3380805
449548
135552
1294362
1504027
88237
144589
2483
771162
143636
35824
80996
8193
121391
25136
208977
3982334
738758
256985
245034
69040
334984
311338
400482
477497
314469
947777
34676
276946
1129020
316909
469364
21324
28111
100674
32688
366019
193956
944273
495656
138812
194160
1290264
480234
692615
553598
164143
1005683
741721
113848
278016
124455
122884
60188
42742
12466
39196
4064
331239
33135
3571
63297
299881
740798
19434
222759
34062
230045
1557077
287742
501172
17430
31091
693724
13605
4335
23343
765597
124608
38291
263997
51450
128349
515582
23051
1586254
158019
216015
37009
19710
1286153
3718435
206898
126880
163040
306974
10636
47476
153665
979056
387336
160792
22378
101474
3262
548783
189199
10458
66966
28756
68912
427792
26519
2309890
551037
1198345
1543535
125283
74545
280742
14682
2365105
736184
12351
53180
1356127
12168
466955
224260
844725
171174
198508
408811
201118
341885
110778
438802
66881
687352
405243
83089
10084
592742
3575924
22635
9701
231881
2141663
71990
334031
449992
695296
950565
354731
117622
427607
1811321
786343
96767
1433861
53820
1060413
18576
137061
264111
357270
6697
431454
221408
249590
132537
1270462
837740
48595
29377
5185
226678
1292268
39358
263870
473
11987
433637
250005
96682
480440
364053
168105
72271
276361
108926
301230
383356
195791
264369
127259
1292609
46409
141260
534570
365799
2465613
779480
152847
5076018
132499
262841
104527
28514
42092
98590
795211
33775
112437
234309
138638
2503529
1007702
222636
218461
11091
167912
47389
1710712
6681462
1784333
112279
197174
65379
138523
43998
200887
45242
309357
2852111
129346
828459
220309
7119
427556
609566
1128558
88368
240611
111207
141654
208709
220137
77051
47784
128134
409429
165018
83237
273088
21106
197059
129794
167552
95210
252982
1429523
216131
156886
109368
405156
195447
30778
457592
161111
39638
321691
62208
94595
282632
1608077
1566345
12642
479559
52535
49992
811831
70663
1693102
105567
287599
101334
36016
1822385
142694
87408
70351
49922
36867
31794
161889
384192
249611
135279
801842
50098
305784
278803
146384
91400
1154705
145149
26677
178750
191882
771725
269639
212179
294192
908355
16006
440730
782599
233201
123579
200214
18937
201893
8906
91594
133870
607181
77349
207254
42943
42259
1170721
1401500
214222
385354
38302
309714
406216
280295
51702
11120
40642
116598
73366
36224
324949
536847
341337
33453
1026371
101636
656078
1912713
554384
1126447
238360
1179
20335
40884
54711
212456
310482
61135
459003
54814
163139
115733
65807
65006
158768
459868
436790
21200
131091
139347
311453
360567
649883
407301
5450
519255
915649
103741
515585
1192075
1118204
382055
422280
554012
3651351
961186
4084557
146790
20451
1409157
364440
136309
115660
84428
136816
221249
1207766
144621
1387214
3892
69147
362854
1002655
72993
2576446
136641
505199
251966
145451
88767
124366
40088
669077
75646
709578
7384
237190
673111
340482
723690
436406
161851
23361
41538
71175
138802
189125
1212679
361592
43862
439407
201759
98607
383467
123131
25711
1169241
116274
314884
94229
120038
483248
744058
121400
274893
63926
247630
364147
3621
28801
12531
2751482
566039
463059
162362
24187
170846
146986
2710428
697502
119796
234723
180056
64159
633755
305339
632010
766344
292914
112397
1346954
309217
84664
268029
2030730
117595
46134
187067
62833
714152
74479
107126
92890
791908
210846
736527
106878
2756920
267327
1735889
108469
276824
2340802
31319
1000938
403305
203976
566360
212797
70164
73299
193500
235466
820286
10832
67149
1473535
195755
156022
132077
33495
392367
219
39520
218279
620828
822129
2022221
132204
275700
1396301
3032556
96071
15242
369423
36874
70353
495513
6395
704371
153396
131582
83946
596714
140116
19842
187124
2616701
2084127
318205
405930
203077
1440267
50132
1257295
65607
955523
100967
366934
43235
665898
615160
256119
863463
1351213
248472
127085
7064512
30542
1592132
524899
167501
26814
32089
209618
76392
192562
396593
5414
247726
8862916
46631
108898
93229
54852
1329802
5547
102898
255945
939258
306487
876464
932703
35189
841357
1582084
12334
144970
571777
3610
14734
29866
231172
313969
86680
548859
645168
27932
121081
29116
935394
290070
283754
75043
982315
22145
38383
286486
117568
1920257
98829
4944820
28536
40199
14673
755141
186661
476007
286957
185111
24346
147579
3491435
216566
7547
545196
232953
90140
72275
1607196
558304
116563
965125
1000259
237199
940232
115646
1076272
66941
200309
35922
84014
329805
187492
4015434
15195
381122
263642
88802
147251
423686
34773
737424
696001
324164
377708
464721
376065
3030699
403124
902951
649884
16980
1171737
315672
150857
18492
464028
365308
139946
2766768
7977863
1779267
40611
1404535
20476
2637325
127398
35686
2891
375357
281578
10828
2211063
1684590
843943
1051886
186739
8644
139286
42024
7768545
3058354
18884
8565
737053
19379
185505
957483
693023
493662
90920
644709
1529141
124454
351205
194892
3010158
296795
832163
1775175
93281
268209
78990
6743
134394
928193
35995
143687
34131
164770
212540
6771777
889075
132457
804768
96084
186270
11855
176317
53262
155078
144659
883625
78666
518038
1631344
2288578
45355
315663
822806
570510
187183
2116086
307923
896
10776609
171542
408058
343406
31155
497810
934178
3899023
481044
4271
228023
152287
11433
53781
1744850
359065
291265
65202
41293
586157
933860
385372
455619
123545
426076
16439
1816394
163449
20628
926563
240016
54478
118176
597371
3920159
3544
1132997
978148
66154
152425
626095
212277
63582
2292984
2140
161425
266355
11081
32665
65447
336477
141226
144927
68306
91451
66791
313943
149588
155701
25833
754923
30595
43296
158122
109740
38305
330642
139361
176703
107218
751368
61844
251657
299281
1037359
322991
28690
168566
85855
94615
53613
506832
671750
52029
316174
550220
959548
53530
275099
10126
4131109
81851
181210
945776
239749
3471189
231209
25407
1120215
215984
83835
286192
2087903
7043
102467
94412
181634
351356
743843
524228
153308
2315353
86675
2162744
14137
336362
42947
539352
957967
667973
91339
63374
673667
82342
30953
1203514
552914
66959
1148496
722692
84323
1422954
84192
93929
10117
387141
1025826
71113
49779
70356
73564
964312
3339
1467054
403935
72875
389297
13753
861849
522270
362068
273081
545835
110891
66803
134400
92401
38158
119159
152517
1789620
125357
116477
668966
1266293
765510
331302
63119
132501
131894
312913
15078
483420
329716
23332
524255
94801
173333
530963
52254
376854
148594
357408
545782
122917
794225
2007369
169745
107796
70990
74301
234870
903554
157152
1715
43333
107370
1317837
59227
151038
220288
865789
4623477
832630
1665679
994789
206831
241620
23755
29751
178113
144746
21754
1013667
40805
384918
5089
12573
800188
23595
1047890
351659
855139
193987
123888
299204
40011
5724
75612
1831387
2002884
73761
160071
2072174
239259
112084
644203
264310
721511
359427
252463
492738
60800
124510
908109
43576
536319
163314
17784
76473
219345
447843
115653
181366
7571186
13118
529890
1517267
11355
154200
3920
343197
1284378
239205
199080
2323
5157662
102372
59975
226992
425693
1059652
1029797
149324
797030
51038
123589
193990
122953
847987
861570
981766
371055
158553
49364
1210344
416976
732625
1190048
63217
127523
1096720
186013
569793
706692
226697
94622
136442
425492
238783
384213
5537583
462892
462101
356823
1086563
3911833
42076
242096
565623
117948
126663
110161
53297
64524
303340
1265761
175058
121261
55361
71081
2132079
553561
190976
24024
1419104
217371
336877
993172
926473
675893
473177
29461
150374
97921
884877
87987
47442
727480
23766
10750
14698
30341
9220
1485284
937272
118893
2646759
56878
801316
418348
59350
18755
1117561
628727
133970
83683
199012
472319
206047
33937
138676
42033
43237
38246
709143
266586
275799
643153
11064737
122807
75464
6283386
13262
149216
183970
714428
621737
426334
982782
1490590
2840490
1369782
80021
73477
977882
313339
4646
1193759
325296
575417
3244858
963042
215487
784023
92282
27718
436644
14811
5566
26849
360644
667294
69925
2809144
65552
537445
731712
28928
62362
89900
648302
73185
165974
955957
845264
27499
258935
71885
3238280
6748
129814
28152
13145
1493755
2271263
7272
162259
132219
79876
758591
80197
929921
163292
6202
986174
176334
120370
10276
198641
3833563
125980
430607
450151
386713
635908
956758
426934
355029
1856166
278770
1166018
101163
147603
67693
1167447
2788847
1243168
12281
351750
704703
74174
85434
810633
44028
934564
3927488
1849191
99827
9958
317743
133698
776249
3558
299293
344546
583293
1359479
104406
792288
2256959
84290
122432
35152
724741
1047417
1248304
455896
1347030
894661
62766
80781
356564
5614
131986
294242
4086
37054
628746
319937
420501
3008
553558
73854
613811
1133873
765629
128159
39020
1793384
96508
116658
139350
124850
407448
1776795
42723
4252791
107612
77969
1472431
976336
653742
163792
778141
8999
144757
187876
78550
1743179
46899
617243
484176
1218185
891593
123331
302605
48207
448458
47769
434900
653884
3972658
241332
157913
6448
536979
24298
99666
153534
14693
35376
156539
371038
94453
55366
7453
34769
147546
130425
46692
47300
19587
251322
77538
315577
87
558934
253136
84870
15414
804608
10300
187106
379048
96311
52790
74132
453884
126023
1411994
134439
63132
384860
847952
386017
1859
347892
984008
1000320
795095
4481
4339333
29351
324398
1239397
200180
85397
71363
129386
218852
76142
187007
595785
118345
420544
203045
120347
97989
118220
3196575
444806
37483
28811
51478
360942
539720
659680
43743
241781
77358
108278
177645
19065
1372787
171448
1247542
753218
384467
5447764
476131
2086967
194673
458826
343376
39617
1761415
91993
1194585
630968
45334
91343
1008417
664606
125878
211485
151647
113659
72204
1160232
99663
1390480
65169
123379
127867
1017804
3816422
499641
280691
255168
290966
87028
408134
90969
2914143
4635578
53590
126499
1285277
6255
319545
157070
466018
844259
57437
164864
92106
1294158
19536
23053
120256
105088
284327
138803
343135
2150382
154643
17242
1050310
136053
63473
691770
342848
507881
611838
80930
794801
12434304
38316
52288
30044
139024
67319
439899
134530
65370
19455
55037
31842
266463
154979
3328173
304670
75371
197966
113912
54121
1258347
251077
102094
206712
419233
313070
4291
54453
117271
17358
7336563
100551
163575
1132536
73004
1373547
1604634
742742
13942
3336
79853
129657
814296
545482
1113464
202263
340780
5104089
1097660
140493
118892
147067
47751
86744
547121
75859
222380
826298
48737
352385
2542053
80898
28662
255461
37811
258181
220890
279483
71207
75874
1242454
1141644
3416089
374904
461277
128560
2881157
219437
40404
235958
1528619
439020
95056
1830191
123834
141836
96329
62800
524542
129108
6446673
2668687
39239
46766
178258
2509510
308548
327881
14
478192
2275155
189114
313156
39427
332496
4187329
826157
192850
13199
1154961
899438
644499
54456
38474
1509246
153359
113827
298612
36743
29405
1660160
14060
367989
582299
122660
73147
219350
95203
960386
81635
826580
6174
133193
114780
246419
18508
386019
117407
937890
1504291
145018
2298926
316863
716502
825279
212665
1007276
118125
108468
159134
66448
983346
773841
24249
148404
418884
1060203
137654
5087536
199273
119473
132890
283828
46749
470549
4571475
133888
1432573
66206
324700
10162
93023
104555
16696
1117474
35226
787220
258607
640301
392151
1587540
385898
192517
4718775
50076
347384
85481
94984
476098
248226
848803
42926
744034
5052
1579
367669
119494
248719
22749
1396332
16837
139977
79339
64154
1510460
8931
710179
155630
35054
185630
207806
161086
12646
340497
177939
28979
12444
267119
278790
324678
117243
1166926
15134
514412
190422
684842
276106
73540
117162
301331
509945
385620
86598
141411
4288009
138559
42137
225360
347531
15202
1191750
64356
27830
289504
23903
11836
114241
15184
147775
73791
935725
172636
301801
596825
194624
314333
90191
295868
219735
32630
939984
116666
227758
24308
410379
98397
115105
170600
855807
762782
1514444
22066
90703
247291
548171
120688
34560
397856
963780
247639
10151
59245
2236251
2238295
125036
283669
269423
65088
284516
7126
397826
442316
68587
3271431
21361
925125
11848
74472
378777
259511
405230
49593
863106
42527
108888
2581
314406
241508
136036
22937
158745
1346533
240922
685947
49887
497669
46017
295710
1194416
1245414
34797
257812
35281
94833
429575
407449
34342
151768
55066
428150
246845
5650
49261
415765
1710907
618436
281612
668316
106518
108517
2087703
268963
1128564
181427
454182
640455
5787
370957
593288
152043
1278517
107249
645577
800912
1363
422248
45142
45261
161547
96514
142072
729408
111458
14965
1709050
359120
80925
103150
101354
128930
75091
9519268
522267
8157
21507
1440
85972
13172
180062
422336
43461
320567
11415
148750
130077
311974
88502
33220
264850
57994
60126
19426
282146
517290
153630
16841
972741
47246
12948
765092
265454
82143
69862
233932
384782
3398356
959681
503341
352647
2126878
160736
35945
6815
1483300
1328235
8851671
336637
1500415
277422
457366
1951352
66693
2173
152222
80487
292852
91627
366001
34064
167182
20021
425593
2746659
522240
127388
4880520
415054
228372
370927
221366
347813
5037251
36663
1461006
78394
103958
55429
308392
1566414
451225
53546
78826
315865
293422
968484
154633
72788
302576
80949
3518362
874
360717
163177
1863748
8988166
165419
124829
734558
72342
5657
3339639
227694
1076321
225590
75456
3159866
528842
127798
738745
156836
125747
28081
9817
123337
1254656
400978
720589
446940
514700
1742168
136828
191015
183112
200277
414498
11381
44001
517036
224492
422018
6953
726023
934332
1256703
22267
41526
337244
669613
859103
257706
53245
95989
1103540
505018
31379
7932511
210702
319028
196055
333767
35260
5731
6099653
511024
114329
77170
22976
236948
42935
151726
6746
129785
64470
51138
1348928
287759
290771
6619
8752
131062
82709
403039
31019
102021
1801556
795295
6097
55433
134626
177561
566276
226641
555263
495856
322878
9456
4512456
129054
9385
1196288
415539
127136
878507
4390
66106
687602
446064
992736
50795
350756
257932
1530481
7748
53768
352623
88388
966482
88582
487393
88337
62207
88707
193105
403643
1332690
18542
8210714
237846
10514
146784
62930
2384599
279858
8153
609290
148888
130451
573522
122951
170433
3321
459308
374879
861919
189295
1848200
35544
652326
752289
213919
468570
109772
223338
779141
130671
7453064
15551
49384
15802
192911
126225
517
337010
718243
1083321
205001
1208407
227788
1421701
4394819
1526099
151068
78032
409151
255344
6635
19691
253140
193180
592838
28769
81674
3868936
530376
792655
1695806
68869
121429
72687
51794
320935
235338
241087
259401
1385355
87506
306697
46716
335762
153723
82295
177487
121183
49246
317476
735490
869936
261845
70697
374994
815605
275071
545677
27765
142623
139302
13882
3026171
950889
6543
77372
92932
93847
25465
357406
18849
264553
210615
361209
20179
144784
516038
41443
58174
35334
146597
287284
756
5862
3670025
65119
1442452
299407
464546
265446
201369
41821
108920
18801
264839
592566
932212
24421
582194
6496395
131884
26717
10803
122748
146343
888553
157726
2458098
856714
49915
169354
154540
55800
147777
652814
1067129
124424
1284798
805161
25832
1123919
1189368
943045
24822
89447
115878
4958
1015465
51960
838239
537944
17114
109734
493934
430844
362087
972002
4293481
138632
353064
119189
5339
164795
3741
439918
163389
139710
372036
64297
11362
1292659
12680
35684
32795
197433
17236
71134
86451
1089176
343363
65067
3778840
517853
1130566
550167
1588327
2940
16948
251873
644676
38617
8070
94555
225267
149628
204784
218373
90302
86153
106745
403865
190360
337908
42263
1288561
203130
640469
361302
99332
11717761
9858
26115
322512
952178
907799
31753
1506744
1439515
347304
65360
956732
147008
1326021
607197
678666
9423
1400019
572212
957955
2024
124670
262005
102708
1511788
138514
662218
1422725
576942
224741
1048720
179900
1253331
884838
424771
77521
272919
80829
186938
381751
5111286
419131
297548
54905
585114
8471
20993
48674
2148154
182918
369380
255931
925602
682619
110134
159649
104280
76490
115213
646580
232333
67366
224606
1916214
59596
139623
105067
393318
133584
21021
606713
17385
653719
45481
32413
77281
495972
450208
389373
7204
316460
367827
48081
11543
336037
2093
173821
306614
288221
23907
47027
2512648
75134
46629
103578
323622
390910
110179
73667
228014
87493
194304
4385138
80
146095
259022
3996852
116094
70928
48244
11920934
48004
153585
46273
112867
9162
3145543
773924
713580
239004
136137
228042
8941
122352
353033
278898
12682
27515
31071
557671
122349
49453
256089
314859
15454
4961
1973015
61813
103984
363464
2417192
176594
2923350
50262
795193
143489
46998
210054
1623530
6737
78505
478629
74720
221321
779966
7058
109341
207771
17733
40986
270334
104820
947263
125684
424020
59294
152387
205689
2830912
257191
1526680
22952
223158
4118
52441
260012
1050347
1088726
1684347
156757
1072632
10478
1891563
329375
193394
194397
14451
140423
42707
471369
836535
70676
428390
87050
2013
227288
663201
291593
10690
93640
1575541
110143
680721
217363
23272
819876
190554
2300245
190119
90658
1041
181409
2103179
93594
444463
47895
2369744
2181158
1133986
908310
126095
646958
407104
2679034
496179
165977
55706
176563
129766
3478426
1703182
7176
68955
418525
573926
607205
1005462
46645
356975
3256537
10948
34052
6816014
97345
145778
317000
17928
997067
1400743
377932
281107
23986
1453193
122515
123772
15712
628328
846075
45392
1573099
905985
80909
409246
79726
820009
164567
830117
1748002
35331
149342
22795
1250175
1153815
19509
2309243
479977
35338
478383
954894
408627
429687
101384
655377
11787
45834
583240
436877
664676
262308
95387
100326
2020572
267101
1139730
932332
1816988
823344
416761
8016
327201
496168
180161
991
1445731
59709
3753913
176831
517571
134486
544184
86539
653150
135354
32365
87081
105585
20069
540786
857176
830626
14064
472354
2464858
83264
126620
1009844
163330
29238
13134
3757258
1083900
1308671
234343
180766
171736
29731
59251
46039
85712
41904
33325
2033355
44651
3927633
519108
84243
208644
16535
154156
73798
228457
209925
75803
109916
655604
308660
64131
336925
49906
922913
51203
66579
167104
37185
173480
827295
813940
10967
65134
1413378
499243
1411214
77234
1367812
76393
607641
1598
1745475
951
25528
111289
37714
518768
69552
1548036
2478317
15662
91509
124430
17202
246797
990645
63965
268119
531700
1426813
670968
9322
34099
17280
300252
99848
119365
1988625
152534
244579
129197
316818
82443
350740
47979
274293
389086
1274
38276
205030
468362
538264
13313
467714
10585
65218
975483
6502081
10137809
280628
41465
138731
861
2906
73402
115411
143184
256972
60446
4491652
2409572
364857
54102
1224988
753627
589510
8417
46943
360826
165098
224602
1281789
91837
84274
1142995
1056386
1242753
144392
290387
191217
1206579
1043063
134765
66461
121698
184517
210545
621167
114658
421395
143631
1292285
273352
60562
120814
103644
170149
328600
1390792
46839
25281
79727
113813
12934
664578
45110
208078
47806
105605
1993763
59431
30240
94525
253068
150109
84518
463560
522799
140334
547566
278843
118071
676493
257845
770276
925028
1219672
88280
702599
1728924
163318
779691
670841
1107676
180523
64663
63367
127525
3099106
170229
10542
378817
88454
504983
130104
78500
642120
141707
299617
6123
37780
367129
23653
47048
113184
1894565
135656
68401
156987
1027253
147042
964407
25622
55484
416209
296789
181380
415314
1016527
294812
817275
508467
12435
82814
502565
9549
397945
956340
65734
64641
333059
1267494
367416
292398
74502
919436
226458
7103
16480
210649
251536
955202
761159
271144
537851
126236
377002
1333775
108449
41902
83848
25165
78118
1060607
678357
268032
613845
75270
137319
30560
8045
504161
490578
78607
65508
443599
185185
736786
14829
113049
2132675
23222
446452
87831
437225
716283
112641
692004
1253375
1022945
152207
938378
1819848
31839
681515
6747
8255
3613024
63893
478121
799407
50149
514989
580861
22758
4010
749489
109055
152772
38994
264125
6188600
10561
445238
27659
70396
444953
219797
658652
227759
304516
2039833
322404
197580
442085
354195
1156780
1133101
434399
666681
91039
785629
63074
172709
75021
24321
411773
267673
95514
178522
215811
456559
529416
61112
8267727
902983
561169
137955
404017
19694
12438
59904
143287
95619
506851
4672541
6656
132491
261373
13547
14492
96899
143319
658954
5254
43638
790361
1247188
6335
263003
150678
2606376
6170
26155
821570
152240
99801
383111
503452
55204
460849
83970
270278
316946
147774
1379890
16676
3992788
167840
212053
251926
107705
794752
636493
248059
561065
96671
25768
250307
78151
167206
464439
1258566
80346
276664
19159
1211807
392935
125570
67306
1261813
24810
77027
1162071
608623
195562
311030
211925
124894
17643
981672
4680215
5805770
67234
75746
242109
110974
144818
39243
652149
61144
177058
280834
329996
17903
91335
59361
876942
5318
147101
254965
26154
168880
61520
765416
399110
633688
48564
219769
932401
305695
64828
1245425
2129294
10150
944845
184869
103248
32144
669100
494263
1013496
208156
35953
1408400
28427
238217
16968
244691
122218
143412
55987
548935
284376
760290
313469
299402
74033
1042355
436411
117627
23690
658753
4371
1371356
260729
188579
849211
37748
239877
399243
15988
40426
822957
12764
200888
7142
113927
318675
103270
529198
39669
30501
3925240
3583
334912
17774
313583
21707
98485
416687
255429
133035
124278
241605
38638
1083
71214
156576
122130
61932
34654
532954
318142
11789
40617
1680260
432414
13964
54757
130521
167203
2840615
237906
149495
291867
1621007
472998
289037
3124812
392692
2523
72352
1929
144686
557686
512647
598933
113301
128171
229163
266805
2257810
4929073
1398946
382776
183
80534
98320
815767
90117
1225816
326470
276259
128022
700741
154476
6012
469749
163927
78864
2795
325224
170973
215250
1723537
229182
135035
285390
2036532
309439
34559
356118
163782
166033
544525
1269531
889620
570507
41800
1225026
2704255
136959
257802
50349
242090
332227
334794
1440152
187211
293592
97914
68248
215703
279206
68764
196799
357179
7648
431014
112736
324212
70360
1044365
253986
83685
126018
876322
947155
90133
6611460
26722
12611
211367
313103
219347
45441
314852
281190
414852
805394
234103
137929
541790
18499
56245
328694
110039
43760
139450
2005468
1709666
89422
35210
273025
6931921
378419
75459
1038535
100328
19341
428856
156479
334402
67451
695323
173
962926
2270426
1309058
1886712
128943
100687
230328
706222
39997
22985
18228
62310
1476475
378999
13873
681198
119957
6223
70891
13748
475715
55079
760362
97659
701212
127856
8979
316593
1574755
432150
13194
418546
125017
111085
356660
2057361
92345
678210
432836
51302
963491
277819
273889
37632
86491
17045
443436
63028
64516
3512422
393286
50983
52282
420523
988005
23783
290914
72697
179450
52883
49765
153100
217207
1090986
461236
162088
102080
1302225
1131954
842545
30890
5993
2872870
61286
280540
51207
22750852
202318
155861
150161
61136
328022
1244469
241619
10422
55245
1420029
3369429
55518
874287
734898
686834
2541722
111174
704418
570555
128588
5823
5742051
1250642
558036
2815037
138181
25131
72636
8056
74590
1022356
23354
152095
13814
97865
257761
115243
1392147
1163450
51945
4260
97844
208676
244819
300696
3284567
80486
186767
10022
201765
713900
29635
149027
540919
49229
63784
29194
17001
136392
137666
3240072
1258919
220031
661183
121291
73340
946085
8425
35931
67207
382643
34398
177072
240043
11691
234430
228903
290443
565285
77308
136902
13823
1049412
41353
251502
1414970
95766
351390
296062
324997
489
234009
294657
15494
511464
302782
157361
117224
306684
148173
459
55466
1523863
564203
30599
113917
136606
6582
231759
8808
1294530
120961
117408
104589
295986
23264
186487
78105
513864
446350
1462748
1097742
254778
244104
2105959
53818
1581225
282787
167303
758464
295249
191295
10054
2827439
125632
136831
761366
286422
676398
12093
1672188
56356
1120568
183665
92542
403149
327999
177781
82356
310367
6625904
51099
24691
37652
1396419
17519
418553
36622
144123
4042
977266
178135
159032
69266
1628191
724261
49883
212757
68421
61902
200100
64752
322301
125161
323172
555164
71789
413770
685709
252215
483006
225891
78747
51271
371729
72464
67198
136480
180055
131547
4252096
82358
463230
7968257
274568
1219947
15385
4371156
67657
6289
2052141
23358
110266
6169552
260483
4029018
43926
341385
101679
1503873
574707
3017
258152
677003
75334
1246
559879
867
2594867
69380
1103
132925
118442
218335
732557
45011
2481017
246616
245343
332785
87785
10156
74435
23406
133022
22789
49185
8118584
5280
29299
299809
93652
797452
195878
12686639
68154
4632
103915
11453
75150
425671
196047
132671
382701
13790
44319
191235
563629
27453
12759
1729316
384236
53003
3079
93219
33596
109053
593450
34298
274332
322633
1703934
421756
472755
13933
1052311
1257708
73915
452063
62824
140061
239889
51042
1061789
24963
115952
6601
127260
3885362
3074
3018157
78949
1029487
991985
1418457
123397
468237
529570
761452
4490298
321997
134254
390778
370188
259884
950168
307343
73629
77869
560040
12080
378269
210017
1371549
98365
2321847
332120
370905
70292
33281
1277424
181369
585149
152918
260961
963340
106813
26549
20959
23913
546402
162526
1155305
122754
1765133
855351
115966
123986
144946
109365
73511
702375
89994
431838
27858
129193
257424
36272
853485
7472
618460
94560
832486
383263
129915
106718
1003
52346
32761
4773685
6207932
689366
38791
157288
382760
7191
194321
1116572
20368
393391
697177
367167
39050
680696
63323
2683
3812954
629683
131972
307156
398825
358179
8536237
427158
3994427
1451586
295685
70012
75562
810492
70074
28626
5585924
2924789
114503
1294854
21772
771351
5601
139717
1404292
181087
94311
160810
331253
714188
324611
902247
1021316
3469
561241
89738
243236
123448
293658
121320
2422154
3940
145187
258591
851420
279270
1101
2128925
15339
319798
81336
135992
767805
60225
178015
73214
4441140
1315756
231862
4276
156618
411473
6065
395587
402966
215369
12983
362301
141140
83206
1512942
90854
131065
22933
158111
361625
324620
118719
117748
537916
80014
41114
382146
33012
509911
231647
159540
28760
954185
81838
59284
497756
475309
261567
843331
283888
45189
1752307
365598
1913279
238105
426439
70400
9892
1304138
24219
207505
309025
61257
967085
1273145
66861
41798
1922941
36386
619107
468403
1503110
104511
32766
50646
77562
434333
557059
129955
140970
149792
55476
139412
649450
86488
473095
10396
515763
135189
129011
81626
772316
16511
60818
1723540
15264
842095
785072
99915
233127
739743
338390
743541
37966
127167
2298379
1800614
390094
1947229
150134
988351
3124010
1527640
83617
204895
453975
24434
106787
34993
1434116
508248
30554
931239
337525
32929
820891
988709
122889
109857
121706
622766
171678
2853941
172495
295944
83713
263083
157698
208871
305244
74655
112704
268909
3877677
337690
12422
1497593
292132
254800
2293972
318825
1738713
370223
279512
358671
152478
59546
316357
14672
33488
220158
72222
47413
315781
43673
15049
21234
1047097
139622
143179
6094489
22497
148550
1161
292952
36465
1306457
2050022
294137
273758
88745
79363
252462
481
17785
54747
102889
3039311
3904240
135301
25793
32042
851056
72166
43470
51971
628435
12399
304472
513874
110616
19353
286276
371854
338772
537396
117903
995601
20181
446459
3578552
896216
306313
399435
2878686
138284
179650
547232
144940
77041
271290
260596
386992
463919
1017624
47199
18014
187296
550903
136423
1529915
153043
134650
47730
367204
15575
59462
204997
433698
739504
325969
17865
32772
460375
247296
3742542
143515
90099
297838
94608
372080
360900
134834
931195
305470
52901
130471
60437
1968
40974
969695
192223
232484
54365
22674
199257
757585
8580
151149
6574
898355
1089336
625427
501879
279784
355590
937922
2553048
51224
119258
27991
399339
630007
1547
1516287
672388
130365
5853115
191602
72658
763552
8064046
252547
7169
108599
497900
497657
620249
762050
254513
200566
195696
705387
18076
20574
384375
1314708
18808
978915
60603
798
14640
435165
1109337
137956
31846
1991226
312086
182750
74840
62007
47394
484004
113895
265570
78951
803681
62430
91266
70952
402622
52419
3211366
178317
83571
37942
156314
165338
1294
1005005
391608
6716472
344005
1331190
11752
86848
424166
961819
190348
267671
136452
1455525
2382228
59426
478956
326456
2254001
483765
2900650
240189
5831082
36468
144150
418282
696364
616070
247459
135622
110378
660261
20708
465300
196648
4000
136761
214805
15092
683265
33884
176977
414995
59289
143248
67296
2614064
965316
1843241
89997
30812
61899
83073
14262
51871
2360075
299073
220506
23129
284039
903708
254427
290062
95564
277495
930082
120064
6286
25984
62683
126051
39233
1401565
109301
358673
559542
1291163
3666823
168639
449977
19319
134464
84501
99796
1193570
540696
340802
52279
226173
204524
2034718
1223546
1685779
10840
47972
36100
291474
18117
3983947
462452
142614
52639
6590213
4574161
772519
443126
21100
65073
321556
29750
3776508
268527
46402
150129
449276
199256
124125
220970
18432
140091
166531
49870
158177
1297880
97626
1309298
274121
142236
3233198
25564
102469
52903
535505
344747
546809
14313
802972
995018
18305
304508
288594
77571
52042
6255869
104214
148616
82350
9302
297012
125619
124490
89727
416476
123600
3592489
6554
22125
190670
141995
144003
175706
2102
606496
801787
1527274
146890
7687
14086
168271
489049
3882725
86116
253754
390726
156261
285710
529398
4225576
4040589
31331
14367
28934
379434
145058
57628
287413
124780
1920528
321112
1073304
72774
395256
5315
103026
259035
1089932
270723
860005
86484
16422
29644
345192
1341857
636400
102870
242618
1122365
30380
224605
25423
52768
837181
600398
609289
154788
1056235
26410
132045
464298
132327
101454
39152
11177101
47411
128223
1399060
77017
523948
464215
397602
290041
1035250
503010
61858
146848
2134610
111051
84601
147467
735719
9795779
73905
31089
577063
29431
67764
4597
1376663
288215
25989
248179
114338
122264
90352
538629
3731234
102423
273090
14863
71751
44100
1177627
417205
420550
68961
129055
543431
169654
182203
510041
42077
4772082
605514
96393
9961
205089
37082
118513
78853
5609
550917
157357
59298
1508826
16001
1919
44059
1199002
5299
70553
213141
10523
409355
380715
293190
169464
168856
42375
385747
457969
41982
388766
522425
788218
186421
6182
69367
3412525
34475
1049475
1104199
756725
3156832
13795
18082
201485
713147
565674
44252
166668
2258677
5839227
945733
331492
405153
265842
47301
13405
43468
106842
210318
167598
849950
97255
56748
2744791
420724
1311392
1594871
384298
111315
309511
158323
435835
106029
107090
1410413
2010
1647997
107803
334383
422049
343650
553500
1928466
53034
94375
28275
335496
195220
31062
385448
248609
39547
75126
115557
19100
14052
417089
1057817
576771
118640
101506
165312
3696
74987
44510
1664280
73022
78425
43645
424903
103045
954696
48619
158799
135450
2922372
745315
294905
36305
358726
544048
293856
307407
2095954
34957
387437
71588
200065
45926
8164
461838
908585
912609
485320
514503
4663
415716
7322
135532
32518
1614152
1315282
519889
70043
193849
313018
316852
103617
2533883
98705
743539
35841
30243
426779
7151573
72318
13669
181338
47348
34027
1227595
232873
520857
340800
723067
477836
34153
147213
3390545
2223455
401099
11997
631051
14473
251669
1380664
996051
261981
4707512
52271
134402
326500
754199
275453
321482
4021129
709087
159268
848772
78676
5639994
267083
28182
285018
47121
1990551
76623
29026
448617
13427
5195
617291
976790
393047
316755
8459
159504
136444
912321
245241
822894
145441
68737
174502
564055
229199
323517
39024
2576686
970189
617859
1750611
211310
1130590
22939
625502
34020
87253
180074
62012
216656
111699
347496
462778
3128394
463077
342010
4459856
711
110727
334165
37684
126282
30448
793960
470478
2155214
1020950
85615
45942
36154
449565
542748
10
161667
137976
6011
133420
223553
474649
786570
1858945
1639661
126341
690024
537732
128923
133611
428735
279367
755964
50030
128096
408891
22951
168186
252073
1089184
4283
2294826
37569
1860550
1183773
662570
78209
3851051
762791
45984
146895
208402
776069
696877
3926477
451051
13372
1373316
290952
428828
281824
107871
407262
648694
164433
147920
160819
106944
133073
158704
936095
72760
1939
356756
17880
31852
337549
935774
2706652
237754
153026
199658
64659
1356124
99563
425434
1529019
143
201027
53214
38367
1905
74570
7249
3348794
248412
103609
1136978
1729736
1160369
244300
85527
655601
690007
2315410
237150
766902
857755
50230
51238
32961
2342163
135496
48284
84315
13273
364763
597899
56126
25355
11344
1294116
352552
30865
211288
1449319
1525781
27553
108002
67740
3724206
38342
99638
318483
169675
190141
178839
67351
8554123
200491
44711
533100
301802
432876
108228
245974
579011
1179203
34385
91720
3751
1614101
100937
944166
87681
191611
285540
161804
41063
877148
103742
2983
60892
210877
68949
96981
30
334783
646659
515660
63552
977220
2505399
464455
747875
160064
161877
753879
149237
1209247
115559
91712
3274152
1008076
200079
31318
266260
59186
386639
1049149
304171
87278
34735
112124
1261420
12428
773022
288102
2038981
90595
6089
47201
441100
16518
218726
95156
31389
704647
65157
5679
373804
13237
1781703
96718
69051
2359205
932417
407686
6130762
2334643
137402
128413
489928
1257981
597486
423588
191119
526737
484626
151506
14430
263989
1574110
224080
322656
176394
80638
781582
1687878
217065
352292
555506
1212471
387636
263445
1169867
442738
888856
29487
34353
100468
874605
2212057
399273
18089
1822093
467613
1152568
153575
989321
874644
34782
484933
36098
1143211
11149
11546
316506
289581
26941
140733
1503857
